382 507
384 507
386 510
386 513
387 516
389 519
389 522
389 525
390 529
391 529
393 532
394 535
395 535
397 535
399 536
400 536
402 536
404 539
405 540
407 540
409 540
411 543
411 547
413 547
415 547
416 547
418 547
420 551
421 548
423 548
425 548
426 548
428 549
430 549
432 549
433 549
435 550
437 550
439 550
440 550
442 547
443 544
445 544
446 545
448 545
450 545
452 545
454 546
455 546
457 546
459 546
461 543
462 543
464 544
466 544
468 544
470 544
472 544
474 545
475 545
477 545
479 542
480 539
482 539
484 539
486 539
488 540
490 540
492 540
494 540
496 541
498 541
499 538
501 538
503 538
505 538
507 538
509 539
511 539
513 539
516 539
515 536
517 533
518 529
520 529
520 526
521 523
523 519
525 519
527 520
528 516
530 513
532 509
531 506
533 502
535 503
534 499
534 496
533 492
535 489
534 485
534 481
533 478
535 474
536 471
536 467
535 464
535 460
534 457
534 453
535 450
535 446
534 443
534 439
535 436
537 436
537 432
536 428
536 425
535 421
535 418
536 414
536 411
535 407
535 404
534 400
533 397
533 393
534 390
536 386
536 383
535 379
534 376
534 372
533 369
533 365
532 362
532 358
531 355
531 351
530 348
532 344
531 341
531 337
530 334
529 330
529 327
528 323
528 320
527 316
527 313
526 309
528 306
529 302
529 299
528 295
528 292
527 288
527 285
526 281
526 278
525 275
525 271
524 268
523 264
525 261
524 257
524 254
523 250
523 247
522 244
522 240
521 237
521 234
520 230
520 227
519 223
519 220
518 217
518 213
517 210
516 207
516 203
515 200
515 197
514 193
514 190
513 187
513 183
512 180
512 177
511 173
511 170
510 167
510 163
509 160
509 157
508 154
508 150
507 147
507 144
506 140
506 137
505 134
505 131
504 127
503 124
503 121
500 118
500 115
498 116
496 116
494 117
492 118
490 118
488 116
486 116
484 117
482 117
480 118
478 119
476 119
474 120
472 120
470 121
469 122
467 122
465 123
463 124
462 127
460 128
458 128
456 129
457 132
455 136
453 136
452 137
450 141
448 141
447 142
445 145
444 149
442 149
440 150
439 151
437 154
436 155
434 155
434 158
433 162
431 162
430 163
428 166
427 167
425 167
425 170
424 174
423 177
421 178
422 181
420 184
419 185
417 185
416 189
416 192
415 195
413 195
412 199
411 202
409 206
408 206
407 210
405 210
405 213
404 216
405 219
403 223
402 226
403 229
403 232
402 235
402 238
401 242
400 245
400 248
401 251
399 254
398 257
397 258
397 261
397 264
396 267
397 270
397 273
396 276
394 276
395 279
395 282
394 286
394 289
395 292
394 295
392 295
392 298
393 301
392 304
392 307
392 310
391 313
390 314
390 317
389 320
389 323
390 326
389 329
387 329
387 332
388 335
387 338
387 341
387 344
388 347
387 350
385 350
385 353
386 356
385 359
385 362
385 365
386 368
385 371
384 374
384 377
384 380
383 384
384 386
384 389
384 392
383 396
382 396
382 399
382 402
381 405
382 408
382 411
382 414
381 417
380 420
381 423
381 426
381 429
380 432
381 435
381 438
381 441
382 444
382 447
381 450
379 450
378 447
379 450
380 453
380 456
381 459
381 462
381 465
380 468
381 471
381 474
381 477
382 480
382 483
383 486
382 489
380 492
381 495
381 498
382 501
382 504
382 507
