132 395
133 397
133 399
133 401
133 403
134 405
134 407
134 410
135 412
136 414
136 416
137 418
137 420
138 420
139 422
140 422
141 424
142 427
143 429
144 429
145 429
146 431
146 433
147 433
146 431
147 429
148 429
149 429
149 429
150 429
151 429
152 429
153 429
154 429
154 429
155 429
156 429
157 427
157 424
158 422
159 420
159 418
160 415
161 413
161 411
162 409
163 406
163 404
164 402
164 400
165 397
166 395
166 393
167 390
168 388
168 386
169 383
170 381
170 379
171 377
172 374
172 372
173 370
174 367
174 365
175 363
176 360
176 358
177 355
178 353
178 351
179 348
180 346
180 344
181 341
182 339
182 336
183 334
184 332
185 329
185 327
186 324
187 322
187 319
188 317
189 315
190 314
191 314
190 312
191 309
192 309
193 309
194 307
195 306
195 306
195 304
196 302
197 299
198 299
199 299
199 296
200 294
201 293
202 291
203 291
202 288
203 286
204 286
205 285
206 283
207 283
208 283
208 280
208 278
209 277
210 277
211 275
212 272
213 269
214 269
214 267
215 266
216 266
217 264
218 261
219 261
220 258
221 258
220 255
221 253
222 253
223 252
224 250
225 249
226 249
226 247
227 244
228 244
229 244
229 241
230 238
231 236
232 235
233 233
234 232
235 232
236 229
237 227
238 226
238 224
239 223
239 221
240 218
241 218
242 217
243 215
244 214
245 214
245 212
246 209
247 208
248 208
249 205
250 205
251 205
251 202
252 199
253 199
254 199
255 196
256 196
257 195
257 193
257 190
259 190
260 189
261 189
262 186
263 186
264 185
264 183
265 180
266 179
267 179
268 176
269 176
270 175
271 172
272 170
273 169
274 166
275 166
276 165
277 162
278 159
279 159
280 156
281 156
281 153
281 151
282 148
281 145
281 143
282 140
283 139
283 137
284 134
283 131
284 128
283 126
282 123
282 121
282 118
282 116
281 113
281 111
281 108
280 106
279 104
279 101
278 99
277 99
276 100
274 98
273 98
272 99
270 97
270 94
269 95
268 95
266 94
265 94
264 95
263 93
262 90
261 91
260 89
259 89
257 90
256 88
256 85
255 86
254 87
252 85
251 85
250 83
248 81
247 82
246 82
245 81
244 81
242 79
241 77
240 78
239 78
237 77
236 77
235 75
234 73
232 72
231 72
230 73
229 71
229 69
228 69
226 70
225 68
224 68
223 69
222 67
222 65
221 65
220 66
218 64
217 65
216 65
215 63
215 61
214 62
213 62
211 60
210 61
209 59
209 57
208 57
207 58
206 56
205 57
204 57
203 56
202 53
201 54
200 54
199 53
198 53
197 52
196 50
195 50
194 51
193 49
192 50
191 48
189 46
189 47
188 47
186 46
185 46
185 47
183 45
183 43
182 44
181 44
180 45
179 43
178 44
177 44
176 42
176 40
175 41
174 41
173 40
172 40
171 41
171 41
169 40
168 38
167 39
167 39
166 38
165 38
164 39
163 37
162 35
162 35
161 36
160 37
159 35
158 35
157 36
156 34
156 32
155 33
154 33
153 34
153 34
151 33
151 33
150 32
149 30
148 31
147 31
147 33
147 36
146 39
145 39
144 40
144 42
143 45
142 45
142 48
141 48
140 49
139 51
139 54
138 56
137 57
137 57
137 59
136 62
135 62
135 63
134 65
134 68
133 70
132 70
132 73
131 73
130 74
130 76
130 78
129 79
128 81
128 83
128 86
127 86
127 89
126 91
125 93
125 96
124 98
124 101
123 103
123 105
123 107
123 109
122 110
122 112
122 114
121 117
120 117
121 119
120 121
120 124
119 124
119 126
118 128
119 130
119 132
119 134
119 136
119 138
120 140
120 142
119 145
119 147
119 149
119 151
119 153
119 155
120 157
120 159
120 161
120 163
120 165
120 167
120 169
120 171
120 173
121 175
121 178
121 180
121 182
121 184
122 186
121 188
120 190
121 192
121 194
121 196
121 198
121 200
122 202
122 204
122 206
122 208
122 211
122 213
122 215
122 217
122 219
122 221
123 223
123 225
123 227
123 229
123 231
124 233
123 235
122 236
123 238
123 240
123 242
123 244
123 246
123 248
124 250
124 252
124 254
124 256
124 258
124 260
124 262
124 264
124 267
125 269
125 271
125 273
125 275
125 277
126 279
125 281
124 283
125 285
125 287
125 290
125 292
125 294
126 296
126 298
126 300
126 302
126 304
127 306
126 308
126 310
126 312
127 315
127 317
127 319
127 321
127 323
128 325
128 327
127 329
126 329
127 331
127 334
127 336
127 338
127 340
128 342
128 344
128 346
128 348
128 350
129 352
128 355
128 357
128 359
129 361
129 363
129 365
129 367
129 369
130 371
130 373
130 376
130 378
130 380
131 382
131 384
131 386
131 388
131 390
132 393
132 395
