57 94
56 94
55 94
53 94
53 94
51 95
51 94
50 95
49 95
48 96
49 97
48 98
47 99
46 99
46 100
46 101
45 101
45 101
45 102
44 103
43 103
43 104
43 105
42 106
41 107
42 108
41 108
40 109
39 109
39 109
39 110
38 111
38 112
38 113
37 114
36 114
36 115
35 116
34 116
34 116
34 117
33 118
32 119
32 119
32 120
31 121
30 122
30 122
29 123
28 123
28 124
28 125
27 126
27 127
27 128
27 129
26 129
25 130
24 131
24 131
24 132
23 133
23 134
23 135
23 136
22 137
22 137
21 138
20 138
20 139
20 140
20 141
20 142
19 142
18 143
18 144
18 145
18 145
17 147
16 148
16 148
16 149
16 150
14 151
14 152
14 153
14 153
14 154
13 155
13 156
13 156
14 158
14 159
14 159
14 160
14 161
14 162
15 163
15 163
15 164
15 165
15 165
15 166
15 167
15 168
16 169
16 170
15 171
15 172
15 173
15 174
16 174
17 174
17 175
18 176
19 177
20 177
20 179
21 178
22 178
22 179
23 180
23 181
24 181
25 182
26 183
26 184
27 184
28 184
29 185
30 186
31 187
32 187
33 188
34 189
35 191
35 190
37 190
38 191
38 192
39 193
40 193
41 194
40 195
41 195
42 196
43 195
44 197
45 198
46 199
47 199
48 199
48 200
49 201
50 202
51 202
52 202
52 204
53 203
54 204
55 206
55 206
56 207
57 207
58 208
57 209
59 209
60 209
61 211
62 210
63 211
62 212
63 213
64 214
65 215
66 215
68 215
69 216
70 217
69 218
71 218
71 219
72 220
72 220
73 221
74 221
75 222
76 221
77 223
77 223
78 225
79 226
80 227
81 226
82 226
83 228
84 229
84 230
85 230
86 230
87 231
87 232
88 232
89 233
90 234
91 235
92 235
93 236
94 237
95 238
96 239
97 240
98 239
99 240
99 241
100 241
101 242
102 242
103 242
104 242
105 243
105 244
106 245
107 244
108 244
109 245
110 246
111 245
112 246
113 247
114 247
116 247
116 248
118 248
118 249
120 248
120 249
121 250
121 250
123 250
124 251
125 250
126 251
127 252
128 252
129 251
130 252
130 253
131 253
132 254
133 253
134 253
135 254
136 255
137 254
138 254
139 255
140 256
141 257
142 256
144 257
145 257
146 258
147 257
148 258
149 258
150 257
151 258
152 259
152 259
153 260
154 259
155 259
156 260
157 260
158 259
159 260
160 260
161 259
162 260
163 260
164 260
166 260
166 260
168 260
169 259
169 260
171 260
172 259
173 260
174 260
175 260
176 260
177 260
178 260
178 259
179 258
180 258
181 258
182 258
183 258
185 258
185 258
186 258
188 258
188 258
190 258
191 258
192 258
193 260
193 260
194 260
195 260
196 260
197 260
198 260
199 260
200 261
201 261
202 262
202 263
203 263
204 264
205 265
205 266
206 266
207 267
208 268
208 269
209 269
210 270
211 271
211 272
213 272
213 273
215 273
215 274
216 275
218 275
219 275
220 275
221 275
222 275
223 275
224 276
225 276
226 276
227 278
227 278
228 278
229 279
230 280
230 281
231 281
232 281
233 283
234 283
236 284
236 285
238 285
239 286
240 287
240 288
241 287
242 288
243 289
243 290
244 290
245 291
246 292
247 291
248 291
249 292
250 291
251 291
253 292
253 292
254 291
256 292
256 292
258 291
258 291
260 292
261 291
262 292
262 294
263 293
264 294
265 294
266 293
267 294
268 294
269 293
270 293
270 293
270 292
271 290
272 291
272 290
272 289
273 287
273 287
273 286
274 284
275 284
275 284
275 283
276 281
276 280
276 280
276 279
277 278
278 277
277 276
276 275
276 273
274 273
274 271
273 272
272 271
272 270
272 269
271 268
270 267
269 266
269 265
268 264
268 263
267 263
266 262
266 261
266 260
265 259
264 258
263 257
263 256
261 255
262 254
261 255
260 253
260 253
260 252
258 250
257 249
256 248
256 247
255 247
255 246
254 246
253 245
253 244
253 243
252 242
251 240
250 240
250 239
249 238
249 237
248 237
247 236
247 235
247 234
246 234
245 233
244 232
244 231
243 230
242 230
241 229
240 227
240 226
240 226
239 225
237 225
236 224
236 223
236 223
234 222
233 221
233 220
233 220
232 219
230 219
230 218
229 217
228 216
228 215
228 215
227 214
227 213
225 212
224 210
224 211
222 210
223 209
221 208
220 207
219 206
218 205
218 204
216 204
215 202
215 201
215 200
214 200
213 200
212 199
212 198
212 198
210 197
209 196
209 195
208 195
208 195
207 193
206 192
206 192
204 192
203 191
203 190
204 189
203 188
201 187
201 187
200 187
199 187
197 185
198 184
196 184
196 184
195 183
195 182
194 181
193 181
192 180
192 179
191 179
190 178
189 177
189 176
188 176
187 176
186 175
185 175
184 175
183 176
182 176
181 175
180 175
179 175
178 175
177 175
176 175
175 176
174 175
173 176
172 176
171 176
170 175
170 176
169 177
168 178
167 178
166 177
165 177
164 177
163 178
162 177
161 177
160 177
159 178
158 177
157 176
157 175
157 174
156 174
156 173
157 172
156 171
156 170
157 169
156 168
156 167
156 168
155 167
154 166
155 165
155 164
154 163
154 162
154 161
154 160
154 159
153 160
152 159
152 158
152 157
151 157
150 156
149 154
149 153
148 153
148 152
147 152
147 152
146 150
146 149
145 148
145 148
144 147
143 147
142 146
141 146
140 146
139 146
138 145
138 144
137 144
136 144
135 144
134 143
133 142
132 142
131 141
130 140
129 140
129 140
128 139
128 139
127 138
126 138
125 138
124 138
123 137
123 136
122 136
121 136
120 136
119 137
118 136
117 136
116 136
115 135
114 136
113 136
112 136
111 136
110 135
109 136
108 136
107 136
106 135
105 136
104 137
103 138
102 137
101 136
101 136
99 136
98 135
97 135
96 135
95 136
94 134
93 133
94 133
94 132
93 131
92 130
91 130
91 129
91 127
90 127
89 127
88 126
89 125
89 125
87 123
87 122
86 122
85 121
84 121
84 120
83 118
83 117
82 118
82 117
81 116
82 115
81 115
80 113
79 113
78 112
77 110
76 110
75 110
74 110
73 110
72 108
73 107
72 108
71 107
70 105
70 106
69 105
68 104
67 104
67 103
66 102
66 102
65 101
64 100
64 100
63 99
62 98
62 97
61 98
60 97
60 97
59 95
58 95
57 94
57 94
