248 372
248 373
247 375
246 374
245 375
244 376
243 376
242 375
240 376
240 376
239 378
238 378
238 379
238 380
238 382
238 382
238 384
237 385
237 385
237 387
237 388
236 389
235 389
235 390
235 392
235 393
235 394
234 395
235 396
235 397
235 399
235 399
235 401
235 402
235 403
235 404
235 405
235 407
235 408
235 409
236 410
238 411
238 413
237 413
237 415
238 416
238 417
237 419
238 419
238 421
238 422
239 424
239 424
239 425
239 427
239 428
239 429
239 431
239 432
239 432
239 434
240 435
241 436
241 438
241 439
242 440
241 441
241 443
242 444
242 445
241 446
241 448
243 448
243 450
243 451
243 452
243 453
243 455
243 456
243 457
243 459
244 459
245 460
247 461
247 462
248 462
249 463
250 465
250 466
250 467
251 468
252 470
254 471
255 471
256 472
256 473
257 473
258 473
260 473
261 475
262 474
263 475
264 474
266 476
267 477
268 477
269 477
270 477
271 477
273 477
274 478
275 478
276 478
277 478
278 479
278 480
280 481
281 480
282 481
283 480
284 481
286 482
287 482
288 482
289 482
290 482
291 481
293 482
294 483
295 484
296 484
297 484
298 484
300 484
301 484
302 484
303 484
304 484
305 484
307 484
308 484
309 485
310 485
311 485
312 485
314 485
315 485
316 485
317 485
318 485
319 485
321 485
322 486
323 487
324 487
326 487
327 487
328 487
329 487
330 487
331 487
332 487
334 487
335 487
336 487
337 488
338 488
339 488
341 488
342 488
343 488
344 488
345 488
346 488
348 488
349 488
350 488
351 488
352 488
353 488
354 488
355 488
357 488
358 488
359 488
360 488
361 488
362 488
364 488
365 488
366 488
367 488
368 488
369 488
371 488
372 488
373 488
374 487
375 488
376 487
377 488
379 487
380 488
381 487
382 488
383 487
384 487
385 487
386 486
387 486
387 485
387 484
387 482
387 481
387 480
388 479
388 477
387 476
387 475
387 474
387 472
387 471
387 470
387 468
387 467
386 466
386 465
386 464
386 462
385 461
385 460
385 459
384 457
383 458
382 456
382 455
382 454
380 452
381 451
380 450
379 449
378 448
378 447
378 445
377 444
376 443
376 442
376 441
375 440
374 439
374 438
373 437
372 436
372 435
372 434
371 433
370 432
369 431
368 430
367 430
366 429
366 428
366 427
364 425
363 425
362 424
362 423
361 422
360 421
358 419
359 418
357 417
357 416
356 416
355 415
354 415
352 413
351 412
350 413
349 413
348 412
347 411
346 410
344 409
343 409
342 409
341 408
340 407
340 406
339 406
338 405
336 404
335 405
334 405
333 404
333 402
332 403
331 402
329 401
328 401
327 401
326 400
326 399
325 399
324 399
323 398
322 398
321 398
320 397
319 396
318 395
317 394
316 394
315 395
314 394
314 392
313 392
311 392
310 391
309 391
308 391
307 391
306 390
306 389
305 389
304 389
303 388
301 388
300 387
299 388
298 387
297 386
296 386
295 385
293 384
293 385
291 384
290 384
289 383
289 382
288 382
287 382
285 381
284 381
283 381
282 381
281 380
280 379
279 379
278 379
277 378
275 377
274 378
273 378
272 377
271 378
270 378
269 377
269 375
270 375
269 375
268 376
267 375
265 376
264 375
263 375
262 374
261 375
260 374
259 374
258 374
257 374
256 375
254 374
253 372
252 372
251 372
250 372
249 372
248 372
