283 163
282 164
281 163
280 163
279 163
278 164
278 164
276 163
275 164
275 165
274 165
273 166
272 165
272 166
271 167
271 168
270 169
269 170
268 171
268 172
268 173
267 174
266 173
267 174
267 174
268 175
268 176
268 177
268 177
268 178
268 179
269 180
269 181
269 182
269 182
269 183
269 184
270 185
271 186
272 187
273 188
274 188
275 190
276 191
277 191
278 192
279 194
280 194
281 195
282 195
283 197
284 198
285 198
286 200
287 201
288 201
289 202
290 204
291 204
292 205
293 206
294 206
295 208
296 209
297 209
298 210
299 212
300 212
301 213
302 214
303 215
305 216
305 217
306 217
308 219
308 220
310 220
311 221
311 223
313 224
314 224
315 225
316 227
317 227
318 228
319 229
319 230
319 231
320 231
321 232
321 233
321 234
322 235
323 236
323 236
323 236
324 237
326 239
326 240
326 241
327 241
328 242
328 243
329 244
329 245
330 245
331 246
331 247
331 248
332 249
332 250
332 251
334 251
334 251
335 252
335 253
336 254
337 256
338 257
338 258
339 258
339 259
339 260
340 261
341 262
341 263
343 264
343 265
344 265
345 266
345 267
345 268
346 269
346 270
346 271
347 271
348 272
348 273
348 274
349 274
351 275
352 277
352 278
353 279
353 280
353 281
354 282
355 283
355 284
356 284
357 285
357 285
359 286
359 287
359 288
360 289
360 290
360 291
361 291
362 293
363 294
363 294
364 296
364 297
364 297
365 298
366 299
366 300
366 301
367 302
367 303
368 304
368 304
370 304
369 306
370 307
370 308
371 309
371 310
371 311
372 311
373 312
374 313
374 314
375 315
375 316
375 317
376 318
377 319
377 320
379 321
379 322
379 323
380 324
381 325
381 326
382 327
382 328
383 328
384 328
385 329
387 329
387 329
389 330
389 331
390 331
391 332
392 332
393 333
394 332
395 332
396 332
397 332
398 333
399 332
400 332
401 333
402 332
403 331
404 332
405 331
405 330
405 329
406 328
406 327
406 326
407 325
408 325
407 324
407 323
408 322
408 321
408 320
409 319
410 319
410 318
410 317
411 316
410 314
411 314
412 314
412 313
412 312
413 311
413 310
414 309
415 308
414 307
414 306
415 305
415 304
416 303
417 302
416 301
416 300
417 298
417 298
418 297
419 296
420 295
420 294
419 293
420 292
421 292
421 291
421 289
422 289
422 288
421 287
422 286
423 286
423 286
423 285
424 283
424 282
424 281
425 280
425 281
425 280
425 279
426 277
426 276
427 275
428 276
428 275
427 274
428 273
428 272
428 271
429 270
430 270
430 269
430 268
430 267
430 266
431 265
432 264
432 263
432 262
433 262
432 261
433 260
434 258
434 258
434 257
434 255
435 254
434 254
435 253
436 253
436 252
436 251
435 250
436 249
436 248
436 247
437 246
438 246
438 245
438 244
438 244
438 243
438 242
438 242
439 240
440 239
439 238
439 238
440 237
440 236
440 235
441 234
442 233
442 233
441 232
441 231
442 230
442 230
442 228
443 228
444 228
443 227
443 226
443 225
443 225
444 223
444 223
444 222
445 221
445 220
445 219
444 219
443 218
441 217
442 216
441 215
440 215
439 213
439 212
438 212
438 211
438 210
437 209
435 208
435 207
434 206
434 206
433 206
432 204
432 203
432 203
431 202
430 202
429 200
429 199
428 199
428 198
427 197
426 197
425 196
425 195
424 194
423 194
422 193
422 192
421 192
420 191
419 189
418 189
417 188
416 187
415 186
414 186
413 186
412 185
412 184
411 184
410 184
409 182
409 181
408 182
407 181
405 181
406 180
405 179
404 178
403 179
402 179
401 178
400 178
399 178
398 179
397 179
396 177
395 177
394 177
393 176
392 176
391 176
390 177
390 177
389 176
388 176
387 176
386 176
385 176
384 175
383 175
382 176
381 176
380 175
379 175
378 175
377 176
376 174
375 173
375 174
374 174
373 174
372 173
371 173
370 174
369 174
368 173
367 173
366 173
365 173
364 172
363 172
362 172
361 172
360 173
359 172
359 172
358 172
357 172
356 173
355 171
355 170
354 171
353 171
352 170
351 170
350 170
349 170
348 171
347 170
346 170
345 170
345 170
344 169
343 169
342 169
340 169
340 170
339 169
338 169
337 169
336 169
335 169
334 168
333 167
332 168
331 168
330 167
329 167
328 167
327 168
326 167
326 167
325 167
324 167
323 168
322 166
321 166
320 166
319 166
318 166
317 166
316 166
315 166
314 166
313 166
312 165
312 164
312 165
310 164
309 164
308 164
307 164
307 165
306 164
305 164
304 164
303 164
302 164
301 163
300 163
299 163
298 163
297 163
296 163
295 163
294 163
294 163
293 163
291 163
290 163
290 162
289 163
288 163
287 163
286 163
285 162
284 163
283 163
