177 517
177 518
176 520
174 520
174 521
174 523
175 524
174 525
174 527
174 528
174 529
174 530
173 532
172 532
172 533
172 535
172 536
172 538
172 539
171 540
172 542
172 543
172 544
171 546
171 547
171 549
171 550
171 551
171 553
171 554
171 555
171 557
173 557
174 558
174 560
174 561
173 563
173 564
173 566
173 567
173 568
173 570
173 572
173 573
173 574
173 575
173 577
173 579
173 580
173 582
173 583
173 584
173 586
173 587
173 589
173 590
173 591
173 593
173 594
173 596
173 598
173 599
173 601
173 602
173 603
173 605
173 606
173 608
173 610
172 611
172 612
172 614
172 616
172 617
172 618
172 620
172 621
172 623
172 625
172 626
172 628
172 629
172 631
172 632
172 634
172 635
172 637
172 638
172 640
172 642
172 643
172 645
172 646
172 647
172 649
172 651
172 652
172 654
171 655
172 657
171 659
171 660
172 662
171 664
173 664
174 665
174 667
174 668
174 670
174 671
174 673
174 675
174 676
174 678
174 679
174 681
174 683
174 684
174 686
174 687
173 689
174 691
173 692
174 694
173 696
173 697
173 699
173 701
173 702
173 704
173 706
173 707
173 709
173 711
173 712
173 714
173 716
173 717
173 719
173 720
173 722
173 724
173 726
173 727
173 729
173 731
173 732
173 734
173 736
173 737
173 739
172 741
172 743
172 744
173 746
172 748
172 750
172 751
172 753
172 755
172 756
172 758
172 760
172 762
172 764
172 765
172 767
172 769
172 771
172 772
172 774
172 776
172 778
172 780
172 781
172 783
172 785
173 787
173 789
173 790
173 792
173 794
173 796
173 798
173 799
173 801
173 803
173 805
173 807
173 809
172 811
173 812
172 814
172 816
172 818
172 820
172 822
172 823
172 825
172 827
172 829
172 831
172 833
172 835
172 837
172 838
172 840
172 842
172 844
172 846
172 848
172 850
172 852
172 854
172 856
172 858
172 860
172 862
172 863
171 865
171 867
171 869
171 871
171 873
171 875
171 877
171 879
171 881
171 883
171 885
171 887
171 889
171 891
171 893
171 895
171 897
171 899
171 901
171 903
171 905
171 907
171 909
170 911
169 913
169 915
169 918
169 920
169 922
169 924
169 926
169 928
169 930
169 932
167 934
166 934
165 936
165 938
165 941
165 943
165 945
165 947
165 949
165 951
165 953
165 955
163 958
162 958
162 960
162 962
162 964
162 966
162 968
162 971
162 973
161 975
161 977
161 979
161 981
161 984
160 986
160 988
160 990
159 992
159 995
159 997
159 999
159 1001
158 1004
158 1006
158 1008
158 1010
157 1013
157 1015
157 1017
157 1019
157 1021
157 1024
156 1026
154 1026
154 1029
154 1031
154 1033
154 1036
154 1038
154 1040
154 1042
153 1045
153 1047
153 1049
153 1052
153 1054
153 1056
153 1059
153 1061
153 1063
153 1066
153 1068
153 1070
153 1073
153 1075
153 1077
153 1080
153 1082
152 1085
152 1087
152 1089
152 1092
152 1094
152 1097
152 1099
152 1101
152 1104
152 1106
153 1106
155 1108
155 1111
155 1113
155 1116
157 1118
156 1120
156 1123
156 1125
156 1128
158 1130
158 1133
158 1135
160 1135
161 1137
163 1137
164 1139
164 1142
166 1142
168 1141
169 1144
171 1146
171 1148
173 1148
174 1151
176 1150
178 1153
179 1155
181 1157
183 1157
184 1157
186 1157
188 1159
189 1161
191 1161
193 1161
194 1161
196 1163
198 1163
199 1163
201 1162
203 1162
204 1162
206 1164
206 1167
208 1167
209 1167
211 1166
213 1166
214 1166
216 1166
218 1166
219 1165
221 1165
223 1165
224 1165
226 1165
228 1164
229 1164
231 1164
233 1164
234 1164
236 1163
238 1163
238 1161
239 1158
241 1158
243 1157
244 1155
246 1152
248 1149
249 1149
251 1146
252 1146
254 1146
256 1148
254 1146
254 1144
254 1141
256 1138
257 1138
257 1136
257 1133
259 1131
259 1128
259 1126
260 1123
262 1123
262 1120
262 1118
263 1115
263 1113
263 1111
263 1108
263 1106
263 1103
263 1101
264 1098
266 1096
266 1093
266 1091
266 1089
264 1087
263 1084
262 1082
262 1080
262 1077
262 1075
262 1073
262 1070
262 1068
262 1066
262 1063
260 1061
260 1059
260 1057
260 1054
260 1052
260 1050
260 1047
260 1045
260 1043
260 1041
258 1038
257 1036
257 1034
257 1032
257 1030
257 1027
257 1025
256 1023
256 1021
256 1018
256 1016
255 1014
255 1012
255 1010
255 1007
255 1005
255 1003
254 1001
255 999
254 996
254 994
254 992
254 990
253 990
251 988
251 986
251 984
251 982
251 979
251 977
251 975
251 973
251 971
249 969
249 967
249 965
249 963
249 960
249 958
249 956
249 954
249 952
247 952
246 950
246 948
246 946
246 944
246 942
246 940
246 938
244 936
244 934
244 932
244 930
244 927
244 925
244 923
244 921
243 922
241 920
241 917
241 916
241 913
241 912
241 909
239 907
239 906
239 903
239 901
239 900
239 898
239 896
238 894
236 892
236 890
236 888
236 886
236 884
235 882
235 880
235 878
235 876
235 874
234 872
235 870
234 868
233 868
232 867
231 865
232 863
232 861
232 859
232 857
231 855
230 853
230 851
230 850
230 847
230 846
230 844
230 842
230 840
230 838
230 836
230 834
230 832
228 831
227 829
227 827
227 825
227 823
227 821
227 820
227 818
227 816
227 814
227 812
227 810
227 809
227 807
227 805
225 803
225 801
225 800
225 798
225 796
225 794
225 792
225 791
225 789
225 787
225 785
225 783
225 782
225 780
225 778
225 776
225 774
224 775
222 773
222 771
222 769
222 768
222 766
222 764
222 762
222 760
222 759
222 757
222 755
222 754
222 752
222 750
222 748
221 747
221 745
221 743
221 742
221 740
221 738
221 736
221 735
221 733
221 731
221 730
221 728
221 726
221 724
221 723
219 723
218 721
218 720
218 718
218 716
218 715
218 713
218 711
218 710
218 708
218 707
218 705
218 703
218 701
218 700
218 698
218 696
217 695
216 693
216 692
216 690
216 688
217 687
217 685
217 684
217 682
217 681
217 679
216 677
216 676
216 674
217 672
215 671
214 669
214 668
214 666
214 665
214 663
214 661
214 660
214 658
214 657
214 655
214 654
214 652
214 650
214 649
213 647
213 646
212 644
212 643
213 641
213 640
213 638
212 637
212 635
212 633
213 632
213 630
212 629
212 628
213 626
211 624
210 623
210 621
210 620
210 618
210 617
210 616
210 614
210 612
210 611
210 609
210 608
210 606
210 605
210 604
209 602
209 601
209 599
209 598
209 596
209 595
209 593
209 592
209 590
207 589
206 587
206 586
206 584
206 583
206 582
206 580
206 579
206 577
205 576
205 575
205 573
205 572
205 570
205 569
205 567
205 566
205 565
204 563
203 562
202 560
202 559
203 558
203 556
202 555
203 553
203 552
201 551
201 549
201 548
201 546
201 545
201 544
201 542
201 541
200 541
199 540
199 538
199 537
199 535
198 534
198 533
198 532
198 530
198 529
197 529
195 527
195 526
195 524
194 523
194 522
194 521
193 521
192 519
190 519
189 519
188 520
187 519
186 518
184 517
183 517
182 517
181 517
179 517
178 517
177 517
