348 687
348 688
348 690
347 692
346 692
346 693
344 695
343 697
342 697
342 698
341 700
341 701
341 703
341 705
341 706
342 708
342 710
342 711
342 713
342 715
342 716
342 718
342 719
343 721
342 723
343 724
343 726
343 728
343 729
343 731
343 733
343 734
344 736
344 738
345 739
345 741
345 743
345 745
345 746
346 748
346 749
346 751
346 753
346 755
346 756
346 758
346 760
347 762
347 763
347 765
347 767
347 768
347 770
347 772
347 774
348 776
348 777
348 779
348 781
348 783
348 784
348 786
348 788
348 789
349 791
349 793
349 795
349 797
351 798
352 800
352 802
352 803
352 805
352 807
352 809
353 811
353 813
353 814
353 816
353 818
353 820
354 822
354 824
354 825
354 827
354 829
354 831
354 833
354 835
354 836
355 838
355 840
355 842
355 844
355 846
355 848
355 849
355 851
356 853
356 855
356 857
356 859
356 861
356 863
356 865
357 867
357 868
357 870
356 872
354 874
354 876
355 878
355 880
355 882
355 884
355 886
355 888
355 890
355 892
356 894
356 896
356 898
355 900
355 902
355 904
355 906
355 908
355 910
355 912
355 914
356 916
356 918
356 920
356 922
356 924
355 926
354 928
354 930
354 932
354 934
354 936
354 938
354 940
355 942
355 944
355 947
355 949
355 951
355 953
354 955
354 957
354 959
354 961
354 963
355 965
355 968
355 970
355 972
355 974
355 976
355 978
354 980
353 980
353 983
353 985
353 987
353 989
353 991
353 993
353 996
354 998
354 1000
354 1002
354 1004
354 1006
354 1009
353 1011
353 1013
353 1015
353 1017
354 1020
354 1022
354 1024
354 1026
354 1029
354 1031
354 1033
355 1035
355 1037
355 1040
355 1042
355 1044
355 1046
355 1049
355 1051
356 1053
356 1055
356 1058
356 1060
356 1062
358 1064
358 1067
358 1069
358 1071
359 1074
359 1076
359 1078
359 1081
359 1083
359 1085
359 1088
359 1090
360 1092
360 1095
360 1097
360 1099
360 1102
360 1104
361 1107
362 1106
364 1109
364 1111
364 1113
364 1116
365 1118
365 1121
365 1123
365 1125
365 1128
367 1130
367 1132
367 1135
367 1137
368 1140
368 1142
369 1142
371 1144
371 1147
373 1149
375 1151
377 1154
378 1153
380 1153
381 1155
383 1158
383 1160
385 1160
387 1162
388 1162
390 1164
392 1167
394 1169
395 1169
397 1169
399 1168
400 1168
402 1171
402 1173
404 1173
405 1173
407 1172
409 1172
410 1172
412 1174
414 1174
415 1174
417 1174
419 1176
419 1179
420 1178
422 1178
424 1178
425 1178
427 1180
429 1180
430 1180
432 1179
434 1182
434 1184
435 1184
437 1184
439 1184
440 1183
442 1186
444 1186
445 1185
447 1185
448 1185
450 1187
452 1190
454 1189
455 1189
457 1189
459 1191
460 1191
462 1191
464 1191
465 1190
467 1193
467 1195
469 1195
471 1195
472 1195
474 1197
476 1197
477 1197
479 1196
480 1196
482 1196
484 1198
484 1201
486 1201
487 1200
489 1200
490 1200
492 1200
493 1200
495 1199
497 1199
498 1199
500 1199
501 1199
503 1198
505 1198
506 1198
508 1198
509 1198
511 1197
513 1197
514 1197
516 1197
517 1196
519 1196
518 1194
520 1191
521 1191
523 1191
524 1190
526 1190
527 1190
529 1190
531 1190
532 1189
533 1187
535 1184
536 1181
537 1179
537 1176
538 1173
539 1173
541 1170
540 1168
542 1165
543 1165
544 1163
544 1160
544 1158
545 1155
546 1155
546 1152
546 1150
545 1147
545 1145
545 1143
546 1140
545 1138
545 1135
545 1133
544 1131
546 1128
547 1128
547 1125
546 1123
546 1121
546 1118
545 1116
545 1114
545 1111
544 1109
544 1107
544 1104
543 1102
542 1102
540 1100
540 1098
539 1095
539 1093
539 1091
538 1088
538 1086
538 1084
537 1081
537 1079
537 1077
536 1075
535 1072
534 1070
534 1068
534 1066
533 1063
533 1061
531 1061
530 1059
529 1057
529 1055
527 1053
527 1051
527 1048
526 1046
525 1044
523 1042
522 1040
522 1037
522 1035
520 1033
520 1031
520 1029
518 1029
516 1027
516 1025
516 1023
514 1021
512 1019
511 1017
509 1015
507 1015
506 1013
505 1011
504 1009
502 1009
500 1007
500 1005
498 1003
497 1003
495 1001
495 999
493 997
492 997
490 997
489 995
488 993
487 993
485 991
484 991
482 989
480 987
479 985
477 985
476 986
474 984
474 981
472 982
471 980
469 980
468 978
466 976
466 974
465 972
465 970
465 967
465 965
464 963
464 961
462 959
462 957
462 955
462 953
462 951
461 949
462 947
462 945
462 943
462 941
461 939
461 937
462 935
464 934
466 936
464 934
464 933
463 931
463 928
463 926
464 924
465 922
467 922
466 920
467 918
469 916
470 916
470 914
470 912
471 910
472 908
473 906
474 904
474 902
475 899
476 899
478 897
477 895
477 893
477 891
478 889
479 887
479 885
479 884
478 882
480 880
479 878
479 876
480 874
482 874
481 872
481 870
481 868
481 866
482 864
481 862
481 860
481 858
481 857
481 855
480 853
480 851
480 849
480 847
479 846
479 844
479 842
479 840
478 838
478 836
478 835
478 833
477 831
477 829
477 827
477 826
476 824
476 822
476 820
476 818
476 817
475 815
475 813
475 811
475 809
474 808
474 806
474 804
474 802
473 800
473 799
473 797
473 795
472 793
472 792
472 790
472 788
472 786
471 785
471 783
471 781
471 780
471 778
470 776
470 774
470 773
469 771
469 769
469 768
469 766
469 764
468 762
468 761
468 759
468 757
468 756
467 754
467 752
467 751
467 749
466 747
466 746
466 744
466 742
465 740
465 739
465 737
465 735
465 734
464 732
464 731
464 729
464 727
464 726
463 724
463 722
463 721
463 719
462 718
462 716
462 714
462 713
462 711
462 709
460 708
459 706
457 705
456 705
455 705
453 703
452 702
452 700
450 700
449 700
448 699
446 699
445 699
444 699
442 699
441 699
440 699
439 699
437 699
436 700
435 700
433 700
432 700
431 700
430 700
429 700
427 700
426 700
425 700
423 700
422 700
421 699
421 697
419 697
418 697
417 696
415 696
414 696
413 696
411 694
410 693
409 693
407 693
406 691
404 691
404 692
402 692
401 690
401 689
399 689
398 689
397 689
396 689
394 689
393 687
392 687
390 687
389 688
388 688
386 686
386 684
385 685
384 685
383 685
381 685
380 685
379 685
377 685
376 685
375 685
373 685
372 685
371 685
370 686
368 686
367 686
366 686
365 686
363 686
362 686
361 686
359 686
358 686
357 686
356 686
354 686
353 687
352 687
350 687
349 687
348 687
