312 78
311 78
311 79
310 79
309 79
308 78
307 79
306 79
305 79
304 79
303 79
302 78
301 79
301 79
300 79
299 79
298 78
297 78
296 78
295 79
295 79
294 79
293 78
292 78
291 78
290 78
290 79
289 79
288 79
287 79
286 79
285 80
284 80
283 81
282 81
281 80
281 81
281 81
281 83
280 84
279 83
279 83
278 84
277 85
276 85
276 86
275 86
276 87
275 88
274 89
274 89
274 90
274 92
273 91
273 92
273 94
273 94
273 95
273 95
273 96
274 97
274 98
275 99
275 100
275 100
276 101
276 102
277 103
277 103
277 104
278 104
279 104
280 105
281 106
282 106
283 108
284 107
285 107
285 108
285 108
286 109
287 110
288 110
288 111
289 112
290 112
291 112
292 113
293 114
294 115
295 114
296 114
297 116
297 116
298 116
299 117
300 118
300 119
301 119
302 119
302 119
304 121
305 121
306 121
307 122
307 122
308 121
309 121
310 121
311 123
312 122
313 122
314 122
315 122
315 123
316 123
317 122
318 122
319 122
320 124
321 124
322 124
323 125
324 125
325 124
326 124
327 124
328 125
329 125
329 125
330 125
331 126
332 126
333 126
334 125
335 125
336 125
336 126
337 126
338 126
338 127
339 127
340 127
341 127
342 127
343 127
344 128
345 128
346 127
347 128
348 128
349 129
350 128
351 128
351 128
352 128
353 129
354 129
355 128
356 128
357 128
358 129
359 129
359 129
360 128
361 128
362 129
363 129
364 129
365 129
366 128
367 129
367 129
368 129
369 129
370 131
371 131
372 131
373 130
374 130
375 131
375 131
376 131
377 131
378 130
379 131
380 131
381 131
382 130
383 129
384 129
385 130
385 130
386 130
387 129
388 129
389 129
390 130
391 130
392 130
392 129
393 129
394 130
395 129
396 128
397 128
398 128
398 127
399 127
400 126
401 127
401 127
402 126
403 126
403 126
404 125
405 125
406 124
406 124
407 123
407 122
408 122
408 121
409 121
410 121
411 121
410 119
411 119
412 119
413 118
413 118
412 116
412 116
412 115
412 114
411 114
410 112
410 112
410 111
410 111
409 110
409 108
409 108
409 107
408 107
407 105
405 105
404 105
403 103
403 103
402 102
401 101
400 100
399 100
398 101
397 99
397 99
397 98
397 99
396 99
395 99
394 99
393 98
393 98
392 98
391 98
390 97
389 97
388 97
387 98
386 97
386 97
387 96
386 97
385 96
384 96
383 96
383 96
382 96
381 95
380 96
379 96
378 96
377 96
377 95
376 97
375 98
374 97
373 97
373 97
372 98
371 98
370 97
369 97
368 98
368 99
367 99
366 99
365 99
364 98
363 99
362 99
361 99
360 99
359 98
358 98
358 99
357 99
356 99
355 99
354 98
353 98
353 98
352 99
351 98
351 98
350 97
349 97
348 96
347 97
346 95
345 95
344 93
343 93
342 92
341 92
340 90
339 90
338 90
337 88
336 88
336 87
335 86
334 85
333 85
332 83
331 83
330 83
329 81
328 81
327 80
326 79
325 78
325 78
324 79
323 78
322 78
321 78
320 78
319 78
318 77
317 78
316 78
315 78
315 78
314 78
313 77
312 78
