120 896
121 899
121 901
121 904
121 906
122 909
122 911
123 913
123 914
124 917
125 917
126 918
127 921
127 923
128 924
129 924
130 927
130 928
131 929
132 932
132 934
133 934
134 935
135 938
136 939
137 939
137 940
138 943
139 945
139 946
140 947
141 950
142 950
143 951
144 954
144 956
145 957
146 958
147 961
147 962
148 962
149 965
150 968
150 968
151 969
152 972
153 973
154 974
155 977
155 979
156 980
157 981
158 984
159 985
160 985
161 986
162 989
163 992
164 993
164 994
165 995
166 998
167 999
168 999
169 1000
170 1001
171 1002
172 1005
172 1007
173 1008
174 1009
175 1010
176 1011
177 1014
178 1015
179 1016
180 1016
180 1017
182 1020
183 1024
184 1025
185 1025
186 1026
187 1030
188 1030
189 1031
189 1032
190 1033
191 1034
192 1035
193 1036
194 1034
195 1035
196 1036
197 1036
198 1037
199 1038
199 1035
199 1034
200 1035
201 1035
202 1036
203 1037
204 1038
205 1039
206 1037
207 1038
208 1039
209 1040
210 1041
211 1042
211 1039
211 1037
212 1038
213 1036
213 1034
213 1032
215 1033
214 1030
214 1027
215 1026
215 1024
217 1025
216 1022
217 1020
218 1018
219 1019
219 1017
219 1015
219 1012
220 1010
221 1008
221 1007
222 1005
223 1003
224 1001
223 999
223 996
224 994
225 995
225 992
225 990
226 988
227 989
227 987
228 985
227 982
228 980
229 978
230 976
230 974
230 972
231 973
232 971
232 968
232 965
232 963
234 964
233 962
234 960
235 958
236 959
236 956
236 954
237 952
238 953
238 950
238 947
239 945
238 943
239 941
240 942
241 940
242 938
243 936
242 933
242 930
243 928
244 926
245 927
245 924
245 922
246 920
247 921
247 918
247 916
248 914
247 911
248 909
249 910
250 908
251 906
252 904
251 901
251 898
252 896
253 894
254 895
254 892
254 890
255 888
256 889
256 886
257 884
257 881
258 879
258 877
259 875
260 873
261 871
262 869
262 866
261 863
262 861
263 862
263 859
263 856
263 854
263 851
263 849
264 846
265 847
265 844
264 842
264 839
264 836
265 834
264 831
265 829
266 827
266 824
265 821
266 819
266 816
266 814
265 811
266 809
267 809
267 807
267 804
267 801
266 798
267 796
267 793
267 791
266 788
267 786
268 786
268 784
268 781
267 778
267 775
267 773
268 770
267 768
267 765
267 762
268 760
269 758
268 755
268 752
268 749
269 747
268 744
268 742
268 739
267 736
267 733
268 731
269 732
269 729
268 726
268 724
268 721
268 718
267 715
267 713
267 710
266 707
266 704
266 702
266 699
265 696
265 694
265 691
264 688
264 686
264 683
263 680
263 677
263 675
263 672
262 669
262 667
262 664
261 664
259 661
259 658
259 655
258 653
258 650
258 647
257 645
257 642
257 639
257 637
256 634
256 631
256 629
257 626
258 627
257 624
257 621
257 619
256 616
256 613
256 611
256 608
256 606
257 603
258 604
258 601
259 599
260 596
261 597
261 594
262 592
262 589
264 589
263 587
264 584
265 582
266 582
266 579
267 577
266 574
267 572
268 570
268 567
268 564
267 562
267 559
267 556
266 554
267 551
267 548
267 546
268 543
269 543
268 541
269 538
270 536
271 536
271 533
271 531
272 528
272 526
273 523
274 521
274 518
274 515
275 513
276 513
275 510
276 508
277 505
278 505
278 503
278 500
279 497
278 495
278 492
278 489
277 487
277 484
277 481
277 479
276 476
276 473
276 471
275 468
275 466
275 463
274 460
275 458
277 458
276 455
276 452
276 450
275 447
275 444
275 442
274 439
274 437
273 437
272 437
270 434
270 431
269 431
268 431
266 429
265 429
264 429
262 426
262 424
261 424
260 424
258 421
257 421
256 421
255 421
254 418
252 416
251 418
251 421
249 421
249 424
247 424
248 426
247 429
246 429
245 429
244 431
243 434
242 436
241 436
240 439
239 439
240 441
239 444
238 444
237 444
236 446
235 449
234 451
233 451
232 454
231 453
232 456
231 458
230 458
229 458
228 461
227 463
226 466
225 466
225 468
224 468
224 470
223 473
222 473
221 473
220 475
219 477
219 480
218 480
217 482
216 482
216 485
215 487
214 487
213 487
213 489
213 492
212 494
211 494
210 496
210 498
209 501
208 503
207 503
206 503
206 505
206 508
205 510
204 510
204 512
204 515
203 517
202 517
202 519
201 521
201 524
200 524
200 526
199 528
198 530
198 530
197 530
196 532
195 535
194 537
195 539
194 542
193 541
192 544
192 546
191 548
190 550
189 552
189 555
188 557
187 557
186 557
186 559
186 561
185 563
184 563
184 565
184 568
183 570
182 570
182 572
182 574
181 576
180 576
180 578
180 581
179 583
178 583
177 582
176 584
176 587
176 589
176 591
176 593
175 596
174 595
174 598
174 600
173 602
172 602
172 604
172 606
171 608
170 608
170 610
170 612
169 614
168 614
168 617
168 619
168 621
168 623
168 626
169 628
169 630
169 633
169 635
169 637
170 640
170 642
170 644
171 647
171 649
172 652
172 654
172 656
172 659
173 659
174 662
175 664
175 666
175 669
175 671
175 673
176 676
176 678
176 681
176 683
177 685
177 688
176 690
175 689
174 689
174 691
173 691
172 690
171 690
170 690
169 689
168 689
167 689
168 691
167 693
166 693
165 692
164 692
164 694
163 694
162 693
161 693
160 693
161 695
160 697
159 696
158 696
158 698
157 700
156 702
155 702
155 704
154 703
154 706
154 707
153 709
152 709
151 709
151 711
150 713
150 715
150 717
150 719
150 721
150 724
150 726
149 725
149 727
149 730
149 732
149 734
148 736
148 738
147 740
147 742
147 744
147 746
146 746
146 748
146 750
146 752
146 754
146 757
146 759
145 758
145 760
145 763
145 765
146 767
146 770
146 772
146 774
146 777
147 779
147 781
147 784
147 786
147 788
148 790
148 793
148 795
148 797
149 800
150 803
151 805
151 808
150 810
150 811
150 814
150 816
150 818
150 821
151 823
150 825
149 827
149 826
148 826
147 827
146 829
146 831
145 830
144 830
144 832
144 834
143 836
142 835
142 835
141 837
140 838
140 840
139 842
139 844
138 843
137 845
136 844
137 847
136 848
135 848
134 847
134 849
133 851
133 853
132 854
131 856
131 858
131 860
131 862
131 864
130 866
129 865
130 868
129 869
128 871
128 870
128 873
127 874
127 876
126 876
126 878
126 879
125 881
124 881
124 883
124 885
123 886
122 886
123 888
122 890
122 891
121 891
121 893
120 895
120 896
