652 771
654 772
658 777
658 781
661 782
664 783
666 783
669 784
672 785
675 786
677 787
680 788
684 793
685 797
687 798
690 799
693 800
696 801
699 802
702 803
705 803
708 804
710 805
713 806
716 807
719 808
722 809
725 810
728 811
731 812
734 813
738 814
737 809
739 806
742 807
745 808
748 809
752 810
755 811
758 812
761 813
764 814
768 815
771 816
774 817
777 818
781 819
784 820
787 821
791 822
794 823
797 824
801 825
804 826
808 827
811 828
814 829
818 830
821 831
825 832
829 833
832 835
836 836
839 837
843 838
847 839
850 840
854 841
858 842
861 844
865 845
869 846
873 847
876 848
880 849
884 851
888 852
892 853
896 854
900 855
904 857
908 858
912 859
916 860
920 862
924 863
928 864
932 865
936 867
941 868
945 869
949 870
953 872
957 873
962 874
966 876
970 877
975 878
979 880
984 881
988 883
993 884
997 885
1002 887
1001 881
1004 877
1009 878
1013 880
1018 881
1022 883
1027 884
1032 885
1037 887
1041 888
1046 890
1051 891
1056 893
1061 894
1066 896
1071 897
1076 899
1081 900
1086 902
1091 903
1096 905
1101 906
1107 908
1112 910
1117 911
1122 913
1128 914
1133 916
1139 918
1144 919
1149 921
1155 923
1161 924
1166 926
1172 928
1177 929
1183 931
1189 933
1195 935
1201 936
1206 938
1212 940
1218 942
1224 943
1230 945
1236 947
1243 949
1249 951
1255 953
1261 955
1268 956
1274 958
1280 960
1287 962
1293 964
1300 966
1306 968
1313 970
1320 972
1327 974
1333 976
1340 978
1347 980
1354 982
1361 985
1368 987
1375 989
1382 991
1390 993
1397 995
1404 998
1412 1000
1419 1002
1425 997
1432 999
1440 1002
1447 1004
1455 1006
1463 1008
1471 1011
1479 1013
1487 1016
1495 1018
1503 1020
1511 1023
1519 1025
1528 1028
1536 1030
1545 1033
1553 1035
1562 1038
1570 1040
1579 1043
1588 1046
1597 1048
1606 1051
1615 1054
1624 1056
1633 1059
1642 1062
1652 1065
1661 1067
1671 1070
1680 1073
1690 1076
1700 1079
1710 1082
1720 1085
1730 1088
1740 1091
1750 1094
1761 1097
1771 1100
1782 1103
1792 1106
1803 1110
1814 1113
1825 1116
1836 1119
1847 1123
1858 1126
1870 1130
1881 1133
1893 1136
1905 1140
1917 1143
1928 1147
1941 1151
1953 1154
1965 1158
1978 1162
1990 1165
2003 1169
2016 1173
2029 1177
2042 1181
2055 1185
2068 1189
2082 1193
2099 1207
2113 1211
2127 1215
2141 1219
2155 1224
2170 1228
2184 1232
2199 1237
2214 1241
2229 1246
2249 1261
2253 1272
2268 1277
2284 1282
2300 1286
2316 1291
2332 1296
2349 1301
2365 1307
2382 1312
2399 1317
2416 1322
2438 1339
2443 1351
2461 1356
2479 1362
2497 1368
2515 1374
2534 1380
2553 1386
2572 1392
2592 1398
2611 1404
2631 1410
2651 1416
2672 1423
2698 1442
2719 1449
2740 1456
2762 1463
2784 1470
2806 1477
2829 1484
2851 1491
2880 1512
2904 1520
2928 1527
2952 1535
2977 1543
3002 1551
3027 1559
3052 1567
3078 1576
3105 1584
3139 1608
3146 1622
3173 1632
3201 1641
3229 1650
3258 1659
3287 1669
3317 1679
3347 1689
3377 1699
3408 1709
3440 1719
3472 1730
3504 1740
3538 1751
3571 1762
3605 1774
3640 1785
3676 1797
3712 1809
3748 1821
3786 1833
3824 1845
3862 1858
3902 1871
3942 1884
3983 1898
4024 1911
4067 1925
4110 1939
4154 1954
4199 1969
4244 1984
4291 1999
4338 2015
4387 2031
4374 2010
4411 2004
4461 2020
4512 2037
4564 2054
4603 2049
4657 2066
4712 2083
4769 2101
4826 2120
4870 2115
4930 2134
4991 2153
4975 2129
5021 2124
5005 2100
5051 2095
5115 2115
5099 2090
5082 2066
5130 2060
5178 2055
5245 2074
5228 2049
5278 2044
5261 2019
5312 2013
5364 2007
5416 2000
5398 1975
5379 1950
5361 1925
5414 1918
5468 1911
5449 1885
5430 1860
5411 1835
5465 1828
5446 1803
5428 1778
5409 1753
5390 1729
5372 1704
5425 1695
5498 1711
5479 1686
5460 1661
5441 1637
5423 1613
5404 1589
5386 1565
5367 1541
5349 1517
5331 1493
5313 1470
5295 1447
5277 1424
5260 1401
5242 1378
5225 1355
5207 1333
5190 1310
5173 1288
5156 1266
5091 1256
5011 1225
4995 1204
4979 1183
4903 1154
4829 1125
4756 1097
4742 1078
4672 1051
4658 1031
4643 1012
4684 999
4643 1012
4590 1006
4537 1000
4473 975
4459 957
4410 951
4361 946
4300 923
4254 918
4208 914
4151 892
4140 875
4096 870
4053 866
4000 846
3959 842
3919 838
3879 834
3840 831
3802 827
3765 824
3718 805
3673 786
3637 783
3603 780
3568 777
3544 789
3519 801
3486 798
3454 795
3422 792
3391 789
3360 786
3330 783
3300 781
3271 778
3242 775
3221 786
3193 783
3165 781
3138 778
3111 775
3084 773
3058 770
3032 768
3007 765
2982 763
2964 773
2946 783
2922 781
2898 778
2874 776
2851 774
2829 771
2806 769
2784 767
2762 764
2740 762
2725 772
2703 769
2683 767
2662 765
2642 763
2622 761
2602 759
2582 756
2563 754
2544 752
2525 750
2507 748
2511 759
2498 768
2480 766
2461 764
2444 762
2426 760
2409 758
2392 756
2375 754
2358 752
2346 761
2329 759
2313 757
2297 755
2281 753
2265 751
2250 749
2234 748
2219 746
2223 756
2212 764
2197 762
2182 760
2168 758
2153 756
2139 755
2125 753
2114 761
2101 759
2087 757
2073 755
2060 754
2047 752
2033 750
2020 749
2024 758
2014 765
2001 763
1989 762
1976 760
1964 758
1951 757
1942 764
1930 762
1918 761
1906 759
1895 757
1883 756
1872 754
1863 761
1855 768
1843 766
1832 765
1821 763
1810 762
1802 768
1792 767
1781 765
1770 764
1760 762
1750 761
1739 759
1729 758
1732 766
1724 772
1714 771
1704 769
1695 767
1685 766
1675 764
1666 763
1658 769
1649 768
1640 766
1630 765
1621 763
1612 762
1603 761
1594 759
1585 758
1576 756
1568 755
1559 754
1553 760
1546 766
1538 764
1529 763
1521 761
1513 760
1505 759
1497 757
1489 756
1481 755
1473 753
1465 752
1457 751
1449 750
1441 748
1436 754
1428 753
1421 751
1413 750
1406 749
1399 748
1391 746
1384 745
1377 744
1370 743
1363 742
1356 740
1349 739
1342 738
1335 737
1328 736
1321 735
1323 741
1318 747
1311 745
1305 744
1298 743
1292 742
1285 741
1279 740
1272 738
1266 737
1260 736
1253 735
1247 734
1241 733
1235 732
1229 731
1224 736
1218 735
1212 734
1207 733
1201 732
1195 731
1189 730
1183 729
1178 728
1172 727
1166 726
1161 725
1155 724
1149 723
1144 722
1145 727
1141 732
1136 731
1131 730
1125 729
1120 728
1115 727
1109 726
1104 725
1099 724
1094 723
1089 722
1084 722
1078 721
1073 720
1068 719
1063 718
1060 722
1055 722
1050 721
1045 720
1040 719
1036 718
1031 717
1026 716
1021 715
1017 714
1012 713
1008 713
1003 712
998 711
994 710
991 714
987 719
983 718
978 717
974 716
970 715
965 715
961 714
957 713
952 712
948 711
944 710
940 710
935 709
931 708
928 712
924 711
920 711
916 710
912 709
908 708
904 707
900 707
896 706
892 705
888 704
884 703
881 703
877 702
873 701
870 705
867 709
863 709
860 708
856 707
852 706
849 705
845 705
841 704
838 703
834 702
831 702
827 701
823 700
820 700
817 704
814 703
810 702
807 701
804 701
800 700
797 699
793 698
790 698
787 702
785 706
782 705
778 704
775 703
772 703
769 702
765 701
762 701
760 704
757 704
753 703
750 702
747 702
744 701
741 700
738 699
735 699
732 703
730 706
727 706
724 705
721 704
718 703
715 703
712 702
709 701
707 705
704 704
701 704
698 703
695 702
693 702
690 701
687 700
688 705
686 708
683 708
680 707
677 706
675 710
672 709
670 708
667 708
664 707
665 711
663 715
660 714
657 713
655 717
653 716
650 715
651 720
649 723
649 727
650 731
651 735
651 739
649 743
647 746
648 750
649 754
650 759
650 763
651 767
652 771
