939 206
943 206
947 205
953 209
954 214
958 213
963 218
969 222
970 227
974 226
980 230
984 230
989 229
993 228
998 228
1002 227
1007 227
1012 226
1016 225
1021 225
1025 224
1030 223
1035 223
1040 222
1045 222
1049 221
1054 220
1059 220
1064 219
1069 218
1074 218
1079 217
1084 216
1089 215
1093 209
1098 209
1103 208
1109 207
1114 207
1119 206
1124 205
1130 204
1135 204
1141 203
1146 202
1151 201
1157 201
1163 200
1168 199
1174 198
1180 197
1185 197
1191 196
1197 195
1203 194
1209 193
1215 193
1221 192
1227 191
1233 190
1239 189
1245 188
1251 187
1257 187
1264 186
1270 185
1276 184
1283 183
1287 176
1292 169
1299 168
1305 168
1312 167
1319 166
1325 165
1332 164
1339 163
1346 162
1353 161
1360 160
1367 159
1374 157
1381 156
1388 155
1396 154
1403 153
1410 152
1418 151
1425 150
1433 149
1440 148
1448 147
1456 146
1463 144
1471 143
1479 142
1487 141
1495 140
1503 139
1512 137
1520 136
1528 135
1537 134
1545 132
1554 131
1562 130
1571 129
1580 127
1591 133
1602 139
1611 137
1620 136
1629 135
1638 133
1648 132
1657 131
1667 130
1676 128
1686 127
1696 126
1705 124
1715 123
1728 129
1738 127
1748 126
1759 124
1769 123
1780 122
1790 120
1801 119
1812 117
1823 116
1834 114
1845 113
1856 111
1870 117
1885 124
1897 122
1908 121
1920 119
1932 118
1944 116
1957 115
1969 113
1981 111
1994 110
2007 108
2020 106
2033 105
2049 111
2062 110
2076 108
2089 106
2103 105
2117 103
2131 101
2145 99
2160 97
2174 96
2189 94
2204 92
2222 99
2226 108
2242 106
2257 104
2273 102
2288 101
2304 99
2320 97
2337 95
2353 93
2370 91
2387 89
2404 87
2421 85
2439 83
2461 90
2479 88
2497 86
2516 84
2534 82
2553 80
2572 77
2592 75
2612 73
2631 71
2652 68
2672 66
2693 64
2714 61
2735 59
2756 56
2778 54
2800 51
2823 49
2845 46
2868 43
2892 41
2915 38
2939 35
2957 21
2982 18
3007 15
3032 12
3058 9
3084 6
3111 3
3137 0
3165 -2
3192 -6
3220 -9
3249 -12
3278 -16
3307 -19
3337 -23
3368 -26
3398 -30
3430 -34
3462 -38
3453 -50
3477 -67
3510 -71
3543 -75
3577 -79
3611 -84
3646 -88
3681 -92
3718 -97
3754 -102
3782 -120
3820 -125
3858 -130
3898 -135
3938 -140
3978 -145
3968 -159
3998 -179
4040 -185
4072 -205
4104 -225
4136 -246
4125 -260
4113 -274
4146 -295
4179 -316
4224 -324
4212 -338
4246 -360
4235 -374
4269 -397
4304 -419
4339 -442
4327 -457
4314 -471
4302 -485
4290 -500
4325 -523
4373 -533
4361 -547
4348 -561
4336 -575
4323 -589
4311 -603
4347 -628
4334 -642
4322 -656
4309 -669
4345 -694
4393 -705
4381 -719
4368 -733
4356 -747
4343 -761
4379 -786
4367 -800
4354 -814
4342 -827
4378 -853
4427 -866
4414 -880
4401 -893
4389 -907
4376 -920
4412 -947
4400 -960
4387 -974
4374 -987
4362 -1000
4398 -1028
4435 -1056
4422 -1069
4409 -1082
4396 -1095
4433 -1123
4420 -1136
4407 -1149
4395 -1162
4382 -1174
4418 -1203
4468 -1220
4455 -1233
4442 -1246
4430 -1258
4467 -1288
4454 -1301
4441 -1313
4428 -1326
4415 -1338
4402 -1350
4439 -1381
4490 -1399
4476 -1412
4463 -1424
4450 -1436
4437 -1448
4425 -1460
4412 -1472
4399 -1484
4386 -1496
4374 -1508
4361 -1520
4349 -1531
4336 -1543
4324 -1555
4312 -1566
4299 -1578
4287 -1589
4275 -1600
4263 -1612
4251 -1623
4239 -1634
4227 -1645
4216 -1656
4170 -1636
4115 -1627
4104 -1638
4093 -1649
4081 -1660
4070 -1670
4059 -1681
4048 -1692
4037 -1702
4027 -1713
3974 -1703
3923 -1694
3874 -1685
3825 -1676
3787 -1658
3740 -1650
3731 -1660
3685 -1651
3650 -1634
3606 -1626
3597 -1636
3554 -1628
3521 -1611
3488 -1594
3448 -1587
3439 -1597
3408 -1580
3377 -1564
3346 -1549
3316 -1533
3287 -1518
3250 -1512
3222 -1497
3194 -1482
3166 -1468
3139 -1454
3105 -1449
3098 -1457
3072 -1444
3046 -1430
3021 -1417
2996 -1403
2971 -1390
2946 -1377
2922 -1365
2898 -1352
2875 -1340
2852 -1328
2829 -1316
2835 -1307
2818 -1287
2796 -1275
2774 -1264
2752 -1253
2731 -1242
2710 -1231
2689 -1220
2668 -1209
2648 -1198
2628 -1188
2608 -1178
2588 -1167
2574 -1149
2555 -1140
2536 -1130
2517 -1120
2499 -1111
2480 -1101
2485 -1093
2472 -1076
2454 -1067
2436 -1058
2423 -1041
2406 -1033
2389 -1024
2372 -1015
2359 -999
2347 -983
2331 -975
2314 -967
2298 -959
2287 -944
2271 -936
2255 -928
2259 -921
2248 -905
2233 -898
2217 -891
2206 -876
2195 -861
2184 -847
2174 -832
2177 -825
2166 -811
2152 -804
2141 -790
2145 -782
2135 -769
2121 -762
2110 -748
2114 -741
2104 -727
2090 -721
2080 -708
2083 -701
2087 -693
2077 -680
2063 -674
2067 -667
2057 -654
2060 -646
2050 -633
2040 -621
2031 -608
2034 -601
2038 -593
2028 -581
2015 -575
2018 -568
2009 -556
2012 -548
2002 -536
1993 -524
1980 -519
1968 -514
1956 -509
1943 -505
1931 -500
1919 -495
1908 -491
1899 -479
1887 -475
1876 -470
1864 -466
1853 -462
1842 -457
1828 -460
1817 -456
1806 -452
1795 -448
1785 -443
1774 -439
1761 -442
1758 -449
1766 -460
1758 -449
1748 -445
1738 -441
1727 -437
1717 -433
1705 -436
1693 -438
1690 -445
1680 -441
1668 -443
1656 -446
1654 -452
1645 -448
1635 -445
1624 -447
1612 -450
1601 -452
1590 -455
1581 -451
1570 -453
1568 -459
1557 -462
1548 -458
1540 -454
1531 -451
1521 -453
1511 -455
1502 -452
1494 -448
1486 -444
1476 -447
1468 -443
1460 -440
1451 -442
1449 -448
1441 -444
1433 -441
1426 -437
1418 -434
1409 -436
1402 -433
1394 -430
1387 -426
1380 -423
1373 -420
1366 -417
1359 -413
1352 -410
1345 -407
1338 -404
1331 -401
1324 -398
1318 -395
1311 -392
1304 -388
1298 -385
1291 -382
1285 -380
1278 -377
1272 -374
1266 -371
1259 -368
1253 -365
1247 -362
1241 -359
1235 -357
1229 -354
1223 -351
1217 -348
1211 -346
1205 -343
1199 -340
1193 -338
1187 -335
1182 -332
1176 -330
1170 -327
1165 -324
1159 -322
1154 -319
1148 -317
1143 -314
1137 -312
1132 -309
1126 -307
1121 -305
1116 -302
1110 -300
1105 -297
1100 -295
1095 -293
1090 -290
1085 -288
1080 -286
1075 -283
1070 -281
1065 -279
1060 -276
1055 -274
1050 -272
1045 -270
1040 -268
1036 -265
1031 -263
1026 -261
1021 -259
1017 -257
1012 -255
1008 -253
1003 -250
998 -248
994 -246
989 -244
985 -242
980 -240
976 -238
972 -236
967 -234
963 -232
959 -230
954 -228
950 -226
946 -224
942 -222
938 -221
933 -219
929 -217
925 -215
921 -213
918 -207
915 -201
912 -194
913 -190
914 -186
911 -179
908 -173
904 -172
905 -167
906 -163
903 -157
904 -152
905 -148
906 -144
907 -139
908 -135
909 -131
910 -126
911 -122
913 -117
914 -113
915 -108
916 -104
917 -100
918 -95
919 -91
920 -86
921 -82
922 -77
923 -73
924 -68
921 -62
917 -61
918 -56
919 -52
916 -46
917 -41
918 -37
919 -32
916 -27
913 -21
914 -16
915 -12
912 -6
913 -1
914 2
915 7
912 12
908 13
909 18
910 23
911 27
912 32
913 36
910 42
911 46
912 51
913 55
914 60
911 66
907 67
909 71
910 76
911 80
912 85
913 90
914 94
915 99
916 103
917 108
918 113
919 117
920 122
921 126
922 131
923 136
924 140
925 145
926 150
927 154
928 159
929 164
930 168
931 173
933 178
934 183
935 187
936 192
937 197
938 202
939 206
