51 329
51 331
52 332
52 334
52 336
52 338
53 340
53 341
53 343
53 345
53 347
53 349
54 351
54 352
54 354
54 356
54 358
54 360
54 362
55 364
55 365
55 367
55 369
55 371
55 373
55 375
56 376
56 378
57 380
57 382
57 384
58 386
58 387
59 389
59 391
59 393
60 395
60 395
61 395
62 397
62 399
62 399
63 400
64 402
64 404
65 404
65 406
66 406
67 408
68 410
68 410
69 410
70 410
70 412
71 412
72 411
72 411
73 411
73 411
74 411
75 411
75 409
76 409
77 409
77 409
78 407
78 405
79 405
79 403
80 403
80 401
80 400
80 398
81 396
81 394
82 392
81 390
81 388
82 386
82 386
82 384
83 382
83 380
84 380
84 378
84 376
84 374
85 372
85 370
86 368
85 366
85 364
86 362
86 362
86 360
87 358
87 356
88 355
88 354
88 352
88 350
89 347
89 345
89 343
89 341
89 340
88 338
88 336
88 334
89 332
88 330
88 328
88 326
88 324
88 322
88 320
87 318
87 316
87 314
88 312
88 310
88 308
88 306
88 304
87 302
87 300
87 298
87 296
87 294
87 292
87 290
87 288
87 286
87 285
86 283
86 281
86 279
86 277
86 275
86 273
87 273
87 271
86 269
86 267
86 265
86 263
86 261
86 259
85 257
86 255
86 253
86 251
85 249
85 247
85 245
85 244
85 242
85 240
84 238
84 236
84 234
84 232
84 230
84 228
83 226
83 224
83 223
83 221
83 219
83 217
82 215
82 213
82 211
82 209
82 207
83 205
83 203
83 201
82 199
82 197
82 196
82 194
82 192
82 190
81 188
81 186
81 184
81 182
80 181
79 179
79 177
79 175
79 174
79 172
78 170
78 168
78 166
78 164
78 162
78 160
77 159
77 157
77 155
76 154
75 152
75 150
75 148
74 147
74 145
73 143
73 141
73 142
72 140
72 138
72 137
71 135
71 133
70 131
70 132
69 130
68 129
68 127
67 127
67 126
66 124
66 122
65 123
64 121
64 120
63 118
63 118
62 119
62 119
61 120
60 120
60 122
59 124
59 124
58 125
58 125
57 127
56 128
56 128
55 128
55 130
54 132
54 135
54 137
53 139
53 141
52 143
52 145
51 147
51 149
52 151
51 153
51 153
50 152
51 153
51 155
51 157
51 158
51 160
51 162
51 164
51 166
51 168
51 169
51 171
52 173
51 175
51 175
50 174
51 175
51 177
51 179
51 181
51 182
51 184
51 186
52 188
52 190
52 191
52 193
52 195
53 196
54 198
54 200
54 202
54 203
55 205
55 207
55 209
55 210
56 212
57 213
57 215
57 217
57 219
57 221
58 223
58 224
58 226
58 228
58 230
58 232
59 233
59 235
59 237
59 239
59 241
59 243
59 244
60 246
59 248
59 248
59 250
59 252
58 254
59 256
58 258
58 260
57 262
57 264
56 266
56 268
55 270
55 272
55 274
54 276
54 278
53 280
53 282
52 284
52 286
51 288
51 290
51 292
50 294
50 296
49 298
49 300
48 302
48 303
49 305
49 307
49 309
49 311
49 312
49 314
49 316
50 318
50 320
50 322
50 323
50 325
50 327
51 329
