167 53
167 58
166 62
165 66
164 66
163 66
163 70
162 74
161 74
160 78
160 78
159 82
158 86
157 90
156 93
156 98
155 102
154 106
153 110
153 109
152 113
152 117
151 121
150 125
150 124
150 129
149 132
148 136
147 139
147 143
146 147
145 151
145 154
144 154
143 157
143 161
143 165
142 168
141 167
141 171
141 175
140 179
140 183
139 186
139 190
139 194
138 198
138 201
137 200
137 204
137 208
136 211
136 215
135 218
135 222
135 225
134 229
134 232
133 231
133 235
133 238
132 242
132 246
131 248
131 251
130 250
130 249
130 253
129 255
128 254
128 253
127 256
127 255
127 254
126 253
126 256
125 258
125 257
124 256
123 258
123 257
122 259
122 262
122 265
121 268
121 272
121 276
121 279
121 283
121 284
121 288
121 291
120 295
120 298
120 301
120 307
120 310
120 313
120 317
120 318
120 322
120 325
119 329
119 333
119 336
119 340
119 343
119 347
119 352
119 355
118 358
118 361
118 366
118 369
118 372
118 374
118 378
118 381
117 385
117 389
117 392
118 394
118 398
117 401
117 405
117 409
117 411
116 414
116 417
116 420
116 423
115 427
115 431
115 436
116 437
116 442
115 445
115 448
115 451
114 453
114 456
114 459
114 462
113 465
113 468
113 470
112 471
112 474
112 477
111 480
111 483
111 485
111 489
111 492
111 495
111 500
111 503
111 504
111 509
111 512
111 515
111 520
110 523
110 527
110 532
111 537
110 540
110 543
110 544
110 549
110 552
110 557
110 560
110 564
110 569
110 574
110 577
110 579
110 584
110 588
110 591
110 593
110 598
110 603
110 606
110 608
110 613
111 615
111 617
111 622
111 625
111 630
111 632
111 637
111 640
111 643
111 648
111 651
110 654
111 656
111 661
110 664
110 667
110 672
110 675
110 678
109 680
109 683
109 686
109 689
108 692
108 695
108 697
108 700
107 703
107 706
107 709
107 711
106 714
106 717
106 720
105 720
105 723
105 726
105 728
104 731
104 732
104 729
103 732
103 735
103 735
102 738
102 740
102 743
101 743
101 741
101 744
101 746
100 747
100 749
100 752
100 755
99 757
99 757
99 755
98 758
98 760
98 760
97 763
97 766
97 768
97 768
96 766
96 769
96 771
95 771
95 774
95 776
95 777
94 774
94 777
94 779
93 779
93 782
93 782
93 780
92 782
92 785
92 785
92 787
91 790
91 790
91 787
90 788
90 790
90 792
89 792
89 790
89 793
89 795
88 795
88 797
88 797
88 795
87 795
87 793
87 791
87 789
86 787
86 784
86 782
86 780
86 778
86 776
85 774
85 772
85 770
85 768
84 768
84 768
84 766
84 764
83 760
83 758
83 756
83 754
83 752
82 750
82 748
82 746
82 744
82 742
82 740
81 738
81 737
81 735
81 733
81 731
81 729
80 727
80 725
80 724
80 722
80 720
80 718
79 716
79 714
79 713
79 711
79 709
79 707
78 706
78 706
78 702
78 702
78 699
78 697
78 691
78 691
77 688
77 688
77 684
77 684
77 681
77 681
77 678
77 678
76 675
76 675
76 671
76 671
76 668
76 668
75 665
75 665
75 662
75 662
75 659
75 659
75 656
75 656
74 653
74 653
74 647
74 647
74 646
74 644
74 643
74 642
73 640
73 639
73 637
73 636
73 634
73 633
73 631
73 630
72 628
72 627
72 626
72 622
72 620
72 619
72 617
72 616
72 615
72 613
72 612
71 611
71 609
71 608
71 607
71 605
71 604
71 603
71 601
70 600
70 597
70 595
70 594
70 593
70 591
70 590
70 589
70 588
69 586
69 585
69 584
69 583
69 581
69 580
69 579
69 578
69 576
69 573
69 571
69 570
68 569
68 568
68 566
68 565
68 563
68 562
68 561
68 559
68 556
68 555
67 554
67 553
67 552
67 551
67 549
67 548
67 547
67 544
67 541
67 540
67 539
66 538
66 537
66 536
66 535
66 532
66 531
66 529
66 528
66 527
66 526
66 525
65 524
65 523
65 520
65 518
65 517
65 516
65 515
65 514
65 515
65 516
65 515
64 514
64 513
64 512
64 511
64 510
64 511
64 510
64 509
64 509
63 507
63 507
63 505
63 506
63 506
63 506
63 504
63 504
63 502
63 502
62 500
62 502
62 501
62 500
62 502
62 503
62 502
62 501
61 502
61 501
61 502
61 503
61 502
61 501
61 502
61 501
60 502
60 503
60 504
60 503
60 502
60 503
60 505
60 508
59 509
59 511
59 512
59 515
59 516
59 518
59 521
59 522
59 524
59 525
59 526
59 529
59 530
59 531
59 534
59 535
59 536
59 539
59 540
59 543
59 544
59 545
59 548
59 549
59 550
59 552
59 556
59 558
59 559
59 559
59 560
58 562
58 564
58 563
58 564
58 565
58 567
58 568
58 569
58 568
57 570
57 572
57 575
57 576
58 577
58 577
58 581
57 583
58 585
58 585
58 587
58 588
58 591
58 591
58 593
58 593
58 595
58 597
58 598
58 599
58 601
58 602
58 605
58 606
58 607
58 608
59 609
59 612
58 614
58 615
59 616
59 617
59 615
59 615
59 616
59 617
59 618
59 620
59 619
60 620
60 621
60 623
60 624
60 623
60 623
60 624
60 625
61 626
61 626
61 627
61 628
61 630
61 631
61 632
61 630
61 630
62 631
62 632
62 634
62 635
62 638
62 640
62 640
61 639
61 641
61 642
61 644
61 646
61 649
61 650
61 653
61 654
61 657
61 659
61 660
61 662
61 665
61 667
61 669
61 672
61 674
61 675
61 676
61 679
61 683
61 686
62 687
62 688
62 690
62 691
62 693
62 694
62 695
62 694
62 693
63 695
63 696
63 698
63 699
63 700
63 702
63 703
63 703
63 704
64 706
64 707
64 709
64 710
64 712
64 710
64 710
64 711
65 713
65 714
65 716
65 717
65 719
65 720
65 720
65 722
66 723
66 725
66 726
66 728
66 729
66 728
66 727
66 729
67 730
67 732
67 734
67 735
67 735
67 737
67 738
68 740
68 740
68 743
68 743
68 745
68 743
69 746
69 746
69 749
69 749
69 753
69 753
69 754
69 754
70 758
70 758
70 761
70 761
70 759
70 761
70 761
71 764
71 766
71 772
71 774
71 777
71 777
71 783
71 785
71 787
71 790
71 792
71 794
71 800
71 800
71 804
71 804
71 806
71 805
72 804
72 803
72 805
72 805
72 807
73 807
73 807
73 807
73 809
74 807
74 807
74 809
74 811
74 815
74 817
74 819
74 821
74 823
74 827
75 829
75 831
75 833
75 835
75 837
75 841
75 845
75 848
75 850
76 852
76 854
76 860
76 862
76 865
76 867
77 869
77 871
77 873
77 876
77 878
78 878
78 880
78 883
78 885
78 887
78 890
79 892
79 894
79 897
79 899
79 901
79 904
80 902
80 902
80 904
80 907
80 909
81 912
81 914
81 916
81 919
81 921
82 924
82 926
82 929
82 931
82 934
82 937
83 939
83 942
83 944
83 947
83 950
83 954
83 957
83 959
84 962
84 965
84 967
84 970
84 973
85 975
85 975
85 981
85 983
85 989
85 989
86 995
86 995
86 1000
86 998
87 1004
87 1004
87 1010
87 1010
87 1007
88 1011
88 1011
88 1017
88 1017
89 1023
89 1023
89 1027
89 1027
90 1033
90 1033
90 1040
91 1037
91 1041
91 1041
92 1048
92 1048
92 1054
92 1054
93 1058
93 1058
93 1065
93 1065
94 1072
94 1069
95 1074
95 1074
95 1081
95 1081
96 1088
96 1088
97 1092
97 1092
97 1099
97 1099
98 1107
98 1104
99 1109
99 1109
99 1116
99 1116
100 1124
100 1124
101 1129
101 1129
101 1137
101 1137
102 1144
102 1146
103 1147
103 1151
104 1155
104 1157
105 1155
105 1156
105 1160
106 1162
106 1166
107 1168
108 1169
108 1173
108 1178
108 1184
108 1187
108 1194
108 1198
109 1202
109 1209
108 1212
109 1216
109 1220
109 1227
110 1232
110 1239
109 1241
110 1246
110 1251
110 1258
110 1265
110 1272
111 1277
111 1284
111 1289
111 1294
112 1298
112 1303
113 1306
113 1303
114 1306
114 1311
115 1316
115 1319
116 1324
116 1329
116 1326
117 1329
118 1334
118 1337
119 1343
119 1345
120 1348
121 1354
121 1359
122 1362
122 1360
123 1363
123 1368
124 1374
125 1377
125 1383
126 1380
126 1384
127 1389
127 1395
128 1399
129 1405
130 1408
130 1412
131 1415
132 1421
132 1428
133 1425
133 1422
134 1435
134 1435
136 1445
136 1445
136 1443
136 1440
137 1437
137 1434
138 1432
138 1429
139 1426
139 1424
139 1421
140 1418
140 1415
141 1412
141 1410
142 1407
142 1404
142 1401
143 1398
143 1396
144 1393
144 1390
144 1390
143 1374
144 1371
144 1368
143 1356
143 1353
144 1350
144 1341
143 1334
143 1325
143 1322
143 1313
143 1307
142 1301
142 1295
141 1290
140 1284
140 1278
139 1272
139 1267
138 1261
138 1255
137 1250
137 1245
136 1239
136 1234
135 1228
134 1223
134 1218
133 1213
133 1207
132 1202
132 1197
131 1192
131 1187
131 1182
130 1177
130 1172
129 1168
129 1163
128 1158
128 1150
128 1143
127 1138
127 1134
127 1129
126 1125
126 1120
125 1116
125 1111
124 1107
124 1102
124 1095
124 1088
124 1085
124 1081
123 1077
123 1070
123 1065
123 1058
123 1056
123 1051
122 1047
122 1040
122 1034
122 1031
122 1027
121 1023
121 1016
121 1012
121 1005
121 1003
121 999
120 995
120 988
120 982
121 979
121 976
120 972
120 962
120 959
121 956
121 953
121 950
122 947
121 940
121 937
121 934
122 931
121 922
122 919
122 916
122 916
121 906
122 903
122 900
122 897
123 894
123 891
123 888
124 885
124 882
124 879
125 876
125 872
125 869
126 866
126 863
126 860
126 850
126 847
126 844
127 841
127 838
128 844
128 841
129 838
130 841
130 841
131 848
131 845
132 851
132 848
133 845
134 852
134 855
135 855
135 852
136 852
136 856
137 859
137 856
138 853
139 853
139 856
140 856
140 853
141 853
142 857
143 857
143 853
144 854
145 857
146 858
146 854
147 854
148 858
148 854
148 851
149 851
150 851
151 855
151 851
152 851
153 852
154 852
155 848
156 848
156 844
157 841
157 837
158 833
158 829
159 829
161 829
161 825
161 821
162 817
162 813
163 809
163 806
165 805
165 801
165 797
166 793
166 789
167 785
168 785
169 789
169 785
170 781
170 776
171 772
171 768
171 764
170 760
170 752
169 749
168 745
168 737
168 733
168 730
167 726
167 718
166 715
166 707
166 703
166 700
165 697
165 689
164 686
163 683
163 675
164 671
163 668
162 665
162 658
161 655
161 652
161 644
161 640
160 637
160 634
160 627
159 620
160 616
160 612
160 609
159 600
159 596
160 592
160 587
161 583
161 579
161 575
162 571
162 567
163 562
163 558
164 554
164 550
165 545
165 541
166 537
166 532
167 528
167 524
167 519
168 515
168 510
169 506
169 502
170 497
170 493
171 488
169 483
170 479
170 475
171 470
171 465
172 461
172 456
173 452
173 447
174 443
174 438
175 433
175 429
176 424
176 419
175 410
176 406
176 401
175 392
176 388
176 383
177 378
177 373
176 365
177 360
176 352
176 347
177 342
177 342
176 334
176 329
177 324
177 319
178 314
178 310
177 306
177 302
178 297
178 292
177 284
178 279
178 274
178 274
177 267
178 262
178 257
179 252
179 247
178 244
178 239
177 232
178 227
177 220
177 215
176 208
176 208
175 200
175 200
174 193
175 189
175 184
174 182
174 177
175 172
174 165
174 160
175 155
174 149
174 144
175 139
175 134
176 129
175 123
175 118
176 113
176 108
175 101
175 101
174 95
175 90
175 90
174 89
174 84
173 83
173 83
172 77
172 72
172 72
171 71
171 71
170 65
170 65
169 64
169 60
168 54
168 54
167 53
