353 573
351 582
349 591
342 588
342 588
334 586
333 594
331 602
326 591
326 591
319 589
318 597
312 594
310 602
309 610
308 617
303 607
302 614
300 622
299 629
298 637
297 644
295 651
290 648
289 655
288 662
286 669
285 676
280 672
279 679
278 686
277 693
276 699
272 689
271 695
270 702
269 709
268 715
266 721
262 717
261 723
257 719
256 725
251 721
250 727
249 733
249 739
245 735
245 735
241 731
240 737
239 742
236 732
235 738
234 744
232 745
231 740
229 740
228 746
226 747
224 742
222 743
222 748
220 749
218 744
218 749
217 754
216 760
215 765
215 770
214 775
213 780
212 785
212 791
211 796
210 801
210 806
209 811
208 816
207 820
207 825
206 830
205 835
205 840
204 845
203 850
204 855
205 864
204 869
205 879
206 884
206 894
205 899
206 905
208 910
208 920
207 925
207 930
209 941
208 946
210 962
209 967
211 979
211 979
214 991
214 991
216 1003
216 1003
219 1016
219 1016
221 1029
220 1034
223 1048
223 1048
225 1066
224 1071
224 1071
227 1085
227 1085
228 1080
231 1090
231 1090
234 1105
234 1105
237 1120
237 1120
241 1131
241 1131
244 1147
244 1147
247 1163
247 1163
248 1158
253 1170
253 1170
256 1187
256 1187
260 1205
261 1200
262 1195
263 1190
264 1184
265 1179
270 1192
270 1192
271 1187
272 1181
277 1195
279 1189
280 1184
281 1178
285 1197
287 1192
288 1186
289 1180
285 1161
286 1155
287 1149
288 1144
285 1119
287 1113
288 1107
288 1107
285 1083
286 1078
287 1072
288 1065
290 1059
291 1053
286 1036
288 1030
289 1024
290 1018
291 1011
297 1022
299 1016
300 1009
301 1003
303 996
304 990
305 983
307 977
308 970
309 963
311 956
312 950
314 943
315 936
316 929
318 922
319 915
321 908
322 900
324 893
325 886
327 879
328 871
330 864
331 856
333 849
334 841
336 834
337 826
339 818
341 810
342 802
344 794
346 786
347 778
349 770
350 762
352 754
346 739
348 731
349 723
351 714
353 706
354 698
356 689
358 680
360 672
361 663
363 654
365 645
367 636
368 627
370 618
372 609
365 597
365 597
359 585
359 585
353 573
