572 30
553 44
553 44
549 60
531 73
528 88
515 85
515 85
512 100
496 111
496 111
482 121
479 135
476 148
473 162
471 175
468 189
465 202
452 209
450 221
447 234
445 246
442 259
440 271
438 283
435 295
433 307
430 318
428 330
426 342
423 353
421 364
419 376
417 387
415 398
412 409
410 420
408 430
406 441
404 452
402 462
400 472
397 483
395 493
393 503
391 513
399 524
399 524
401 514
412 516
412 516
422 517
425 506
427 495
436 507
439 496
448 508
451 497
464 498
467 486
478 499
481 487
484 474
499 474
499 474
502 461
518 461
521 448
535 461
535 461
539 447
557 447
557 447
561 432
565 418
585 416
589 400
593 385
598 369
602 353
607 337
611 320
615 304
620 287
625 270
639 257
654 244
660 225
665 207
670 188
675 169
681 150
686 130
692 110
697 90
703 69
709 48
697 47
685 45
663 42
663 42
643 39
643 39
623 37
623 37
605 34
605 34
588 32
588 32
572 30
572 30
